1.5707963267948966
2.0707963267948966
2.159822871021393
2.2488494152478897
2.337875959474386
2.426902503700883
2.5159290479273793
2.6049555921538756
2.6939821363803724
2.783008680606869
2.8720352248333656
2.961061769059862
3.0500883132863583
3.139114857512855
3.228141401739352
3.3171679459658483
3.4061944901923447
3.495221034418841
3.584247578645338
3.673274122871834
3.762300667098331
3.8513272113248274
3.9403537555513237
4.02938029977782
4.118406844004317
4.207433388230814
4.29645993245731
4.385486476683807
4.474513020910303
4.5635395651368
4.652566109363296
4.741592653589793
4.741592653589793
