2.356194490192345
1.8849555921538759
1.8250326211687373
1.7651096501835986
1.70518667919846
1.6452637082133212
1.5853407372281827
1.525417766243044
1.4654947952579054
1.4055718242727666
1.345648853287628
1.2857258823024895
1.2258029113173508
1.165879940332212
1.1059569693470734
1.046033998361935
0.9861110273767961
0.9261880563916575
0.8662650854065188
0.8063421144213803
0.7464191434362415
0.686496172451103
0.6265732014659642
0.5666502304808256
0.5067272594956869
0.4468042885105483
0.38688131752540955
0.326958346540271
0.26703537555513224
0.2071124045699937
0.14718943358485492
0.08726646259971647
0.0
